100
1 1000
65 584
9 121
235 477
1 584
122 483
1 9
516 743
384 742
9 9
13 69
4 75
483 484
1 10
139 710
1 104
1 6
140 783
65 742
30 620
28 382
158 549
9 584
108 653
431 740
1 4
1 65
8 65
4 742
384 484
63 735
7 9
8 10
21 584
65 485
317 373
913 957
1 302
121 122
92 804
1 485
383 718
484 485
3 5
781 876
246 780
8 122
1 742
22 493
303 742
121 484
3 6
4 9
120 221
242 977
8 302
629 711
283 484
21 485
100 1000
257 382
776 923
3 109
1 109
65 121
222 763
1 5
3 4
8 221
120 484
4 4
694 716
7 10
244 292
314 763
21 221
9 122
10 120
643 951
369 957
441 844
3 9
122 1000
303 584
3 584
507 667
112 115
1 2
75 734
65 221
1 122
1 484
3 10
120 302
1 1
121 485
1 101
444 913
65 484
8 109
